[Variables]
ercf_calib_0 = 1.0
ercf_calib_1 = 0.992884790542
ercf_calib_2 = 0.999039035111
ercf_calib_3 = 0.994927763362
ercf_calib_4 = 0.998008035075
ercf_calib_5 = 0.99390522712
ercf_calib_ref = 831.4291395

