[Variables]
ercf_calib_0 = 1.0
ercf_calib_1 = 0.994352327987
ercf_calib_2 = 0.997686283822
ercf_calib_3 = 0.99269369191
ercf_calib_4 = 0.99852326896
ercf_calib_5 = 0.99269369191
ercf_calib_6 = 0.995183726254
ercf_calib_7 = 0.995183726254
ercf_calib_8 = 0.994352327987
ercf_calib_ref = 956.4459705

