[Variables]
ercf_calib_0 = 1.0
ercf_calib_1 = 0.998351223578
ercf_calib_2 = 0.999191586561
ercf_calib_3 = 0.99751227297
ercf_calib_4 = 1.00087656394
ercf_calib_5 = 0.996674731179
ercf_calib_ref = 951.611046

